962,03840986000104,1,962_WEBSERVICE1,ecomerce_comissaok,cli-ni=962#empresa=1,upload_LM
962;1;4264;7705;3770;107119,36;
962;1;4264;20491;3770;128598,92;
962;1;4264;23224;3770;150414,34;
962;1;4264;25178;3770;28462,61;
962;1;4264;25410;3770;201287,35;
962;1;4264;25345;3770;4515,66;
962;1;4264;26230;3770;281009,47;
962;1;4264;27242;3770;87619,88;
962;1;4264;27368;3770;20234,42;
962;1;4264;27359;3770;91115,41;
962;1;4264;27519;3770;293542,05;
962;1;4264;27641;3770;54667,37;
962;1;4264;28439;3770;89432,15;
962;1;4264;28440;3770;9933,28;
962;1;4264;28197;3770;53615,40;
962;1;4264;28615;3770;117266,45;
962;1;4264;28845;3770;5168,26;
962;1;4264;3402;3770;166038,57;
962;1;4264;29749;3770;115773,93;
962;1;4264;7788;3770;190451,56;
962;1;4264;1890;3770;242798,86;
962;1;4264;29735;3770;77368,72;
962;1;4264;10522;3770;73589,64;
962;1;4264;13170;3770;409103,24;
962;1;4264;10991;3770;352798,29;
962;1;4264;15947;3770;221986,39;
962;1;4264;15943;3770;154021,81;
962;1;4264;5988;3770;291847,47;
962;1;4264;621;3770;392005,30;
962;1;4264;4629;3770;137896,78;
962;1;4264;18740;3771;3052,10;
962;1;4264;20363;3770;421631,04;
962;1;4264;20322;3770;66911,46;
962;1;4264;22669;3771;615,57;
962;1;4264;21361;3770;234905,35;
962;1;4264;22340;3770;432687,89;
962;1;4264;23849;3770;210117,17;
962;1;4264;24048;3770;320813,60;
962;1;4264;24814;3770;211832,27;
962;1;4264;25109;3770;196146,56;
962;1;4264;25183;3770;200773,00;
962;1;4264;24370;3770;274690,74;
962;1;4264;25272;3770;251194,96;
962;1;4264;25378;3770;220573,17;
962;1;4264;25430;3771;3777,58;
962;1;4264;23755;3770;211600,42;
962;1;4264;24937;3770;31976,32;
962;1;4264;24968;3770;358636,51;
962;1;4264;25616;3770;256673,84;
962;1;4264;23301;3770;5520,30;
962;1;4264;25587;3770;85944,55;
962;1;4264;25602;3771;5572,20;
962;1;4264;25742;3770;224006,40;
962;1;4264;5216;3770;245554,97;
962;1;4264;450;3770;139,90;
962;1;4264;5470;3770;313804,44;
962;1;4264;4066;3770;202581,76;
962;1;4264;2236;3770;323340,12;
962;1;4264;2120;3770;212404,54;
962;1;4264;13338;3770;282690,07;
962;1;4264;25264;3770;456677,33;
962;1;4264;26132;3770;424607,59;
962;1;4264;26139;3770;232921,70;
962;1;4264;24366;3770;28611,71;
962;1;4264;20185;3770;393789,48;
962;1;4264;24798;3770;3966,22;
962;1;4264;26674;3770;318521,19;
962;1;4264;26798;3770;330254,41;
962;1;4264;25914;3770;233913,63;
962;1;4264;24063;3770;158735,41;
962;1;4264;20938;3770;175430,79;
962;1;4264;23753;3770;94964,94;
962;1;4264;27113;3770;45741,29;
962;1;4264;24059;3770;69399,15;
962;1;4264;25778;3770;58072,31;
962;1;4264;27532;3770;236684,55;
962;1;4264;27597;3770;174638,40;
962;1;4264;27630;3770;177397,58;
962;1;4264;27631;3770;230846,43;
962;1;4264;27666;3771;5429,20;
962;1;4264;27683;3770;58159,10;
962;1;4264;27882;3770;115326,12;
962;1;4264;27879;3770;169646,07;
962;1;4264;28074;3770;142370,54;
962;1;4264;28084;3770;281436,40;
962;1;4264;28069;3770;1358,34;
962;1;4264;28147;3770;292348,37;
962;1;4264;28188;3770;201604,29;
962;1;4264;8850;3770;461650,47;
962;1;4264;28223;3770;145586,51;
962;1;4264;11799;3770;64,37;
962;1;4264;18073;3770;141711,30;
962;1;4264;18077;3770;36337,94;
962;1;4264;28276;3770;121253,31;
962;1;4264;28313;3770;29472,95;
962;1;4264;28475;3770;295184,34;
962;1;4264;28488;3770;256531,95;
962;1;4264;28593;3770;243948,52;
962;1;4264;28590;3770;351151,26;
962;1;4264;28681;3771;20696,26;
962;1;4264;28665;3770;2806,98;
962;1;4264;28635;3770;4581,85;
962;1;4264;28187;3770;71103,83;
962;1;4264;27129;3770;15432,63;
962;1;4264;25588;3770;10250,21;
962;1;4264;3985;3770;130219,99;
962;1;4264;2393;3770;252506,24;
962;1;4264;28484;3770;83466,53;
962;1;4264;29293;3770;69016,03;
962;1;4264;29380;3770;136830,10;
962;1;4264;29527;3770;218267,73;
962;1;4264;28454;3770;23037,23;
962;1;4264;7134;3770;33675,64;
962;1;4264;29607;3770;237590,58;
962;1;4264;28077;3770;97161,33;
962;1;4264;4181;3770;252319,22;
962;1;4264;6715;3770;320961,24;
962;1;4264;6954;3770;456552,23;
962;1;4264;12818;3771;4698,13;
962;1;4264;131;3770;13643,84;
962;1;4264;5214;3770;206372,16;
962;1;4264;3547;3770;26681,96;
962;1;4264;6356;3771;19750,67;
962;1;4264;5847;3770;243168,73;
962;1;4264;9203;3770;266698,48;
962;1;4264;10880;3770;421348,05;
962;1;4264;16852;3770;105749,70;
962;1;4264;19461;3770;120757,20;
962;1;4264;19506;3770;115008,90;
962;1;4264;20039;3770;123567,58;
962;1;4264;20957;3770;245096,20;
962;1;4264;21949;3770;184774,22;
962;1;4264;24980;3770;97880,18;
962;1;4264;25360;3770;2748,82;
962;1;4264;25362;3770;144969,56;
962;1;4264;26050;3770;5231,07;
962;1;4264;26199;3770;40906,20;
962;1;4264;26590;3770;147184,65;
962;1;4264;17467;3770;2284,23;
962;1;4264;27216;3770;153329,67;
962;1;4264;27215;3770;21228,59;
962;1;4264;27885;3770;521,01;
962;1;4264;27897;3770;17756,80;
962;1;4264;21168;3770;95,90;
962;1;4264;27568;3770;55970,19;
962;1;4264;15672;3770;1555,14;
962;1;4264;17143;3770;6432,89;
962;1;4264;28348;3770;2228,36;
962;1;4264;28639;3770;11245,87;
962;1;4264;28825;3770;2115,73;
962;1;4264;21830;3770;30727,70;
962;1;4264;29310;3770;96967,49;
962;1;4264;6255;3770;24650,83;
962;1;4264;5101;3770;148690,99;
962;1;4264;6113;3770;122881,69;
962;1;4264;10950;3770;12644,40;
962;1;4264;10723;3770;134342,25;
962;1;4264;19416;3770;111396,85;
962;1;4264;20383;3770;46496,53;
962;1;4264;21736;3770;37450,85;
962;1;4264;24014;3770;244105,54;
962;1;4264;25037;3770;97670,00;
962;1;4264;25138;3770;74248,75;
962;1;4264;17231;3770;101,80;
962;1;4264;28438;3770;50815,00;
962;1;4264;28682;3770;108085,27;
962;1;4264;24914;3770;150563,88;
962;1;4264;28641;3770;75306,70;
962;1;4264;14631;3770;226769,05;
962;1;4264;25734;3770;92848,19;
962;1;4264;27794;3770;108689,79;
962;1;4264;27390;3770;317434,90;
962;1;4264;17596;3770;79540,83;
962;1;4264;12646;3770;156554,26;
962;1;4264;29259;3770;84972,67;
962;1;4264;29630;3770;88668,79;
962;1;4264;2561;3770;289745,96;
962;1;4264;12672;3770;136758,16;
962;1;4264;990;3771;10591,09;
962;1;4264;21699;3770;210858,11;
962;1;4264;16565;3770;250258,47;
962;1;4264;22256;3770;300882,79;
962;1;4264;22774;3770;393486,76;
962;1;4264;6690;3770;282561,68;
962;1;4264;24245;3770;290617,18;
962;1;4264;16564;3770;402881,46;
962;1;4264;25719;3770;167618,89;
962;1;4264;26314;3770;15390,59;
962;1;4264;26787;3770;36868,83;
962;1;4264;24110;3770;107807,71;
962;1;4264;27517;3770;157802,42;
962;1;4264;27771;3771;739,48;
962;1;4264;28229;3770;275444,86;
962;1;4264;28601;3770;168750,35;
962;1;4264;28595;3771;1404,85;
962;1;4264;23432;3770;3177,90;
962;1;4264;29232;3770;197651,23;
962;1;4264;29189;3770;260747,71;
962;1;4264;27015;3770;297888,02;
962;1;4264;29387;3770;446,68;
962;1;4264;29379;3770;30319,79;
962;1;4264;29593;3770;178519,32;
962;1;4264;29600;3770;84865,65;
962;1;4264;29624;3770;133,80;
962;1;4264;29649;3770;2092,38;
962;1;4264;29461;3770;4277,58;
962;1;4264;3626;3770;227170,58;
962;1;4264;10983;3770;703139,84;
962;1;4264;12681;3770;216588,34;
962;1;4264;13260;3770;303798,52;
962;1;4264;18904;3770;312397,75;
962;1;4264;19180;3770;193276,49;
962;1;4264;16510;3770;283427,35;
962;1;4264;10666;3770;160601,44;
962;1;4264;21721;3770;292650,38;
962;1;4264;21937;3770;224856,65;
962;1;4264;21936;3770;165270,19;
962;1;4264;17346;3770;170289,54;
962;1;4264;20570;3770;97,50;
962;1;4264;24641;3770;388107,41;
962;1;4264;24639;3771;355,60;
962;1;4264;24977;3771;1356,25;
962;1;4264;25219;3770;7560,30;
962;1;4264;25210;3770;113856,05;
962;1;4264;25275;3770;208131,23;
962;1;4264;24690;3770;288914,40;
962;1;4264;18036;3770;297502,14;
962;1;4264;26493;3770;119627,92;
962;1;4264;26874;3770;228521,44;
962;1;4264;27154;3770;56255,06;
962;1;4264;24575;3771;16886,38;
962;1;4264;27554;3770;279791,48;
962;1;4264;27901;3770;152084,38;
962;1;4264;25678;3770;13479,73;
962;1;4264;23852;3770;209,61;
962;1;4264;23232;3770;1503,19;
962;1;4264;23821;3770;4683,35;
962;1;4264;26878;3770;82491,34;
962;1;4264;25832;3770;155820,20;
962;1;4264;25793;3770;18708,73;
962;1;4264;28215;3770;127000,82;
962;1;4264;28524;3770;239,90;
962;1;4264;28466;3770;29,90;
962;1;4264;25771;3770;199180,83;
962;1;4264;28824;3770;8130,23;
962;1;4264;28767;3770;299578,53;
962;1;4264;28918;3770;122738,58;
962;1;4264;28906;3770;12841,16;
962;1;4264;25904;3770;221580,62;
962;1;4264;29472;3770;11122,30;
962;1;4264;29485;3770;5361,82;
962;1;4264;29556;3770;7636,61;
962;1;4264;29609;3770;5078,87;
962;1;4264;29618;3770;20549,41;
962;1;4264;8173;3770;228832,18;
962;1;4264;10591;3770;244656,11;
962;1;4264;11899;3770;152575,70;
962;1;4264;998;3771;29660,96;
962;1;4264;18665;3770;527567,47;
962;1;4264;23823;3770;288954,51;
962;1;4264;24621;3770;162981,37;
962;1;4264;29173;3770;29190,70;
962;1;4264;29175;3770;137362,15;
962;1;4264;25724;3770;33279,15;
962;1;4264;23624;3770;19282,48;
962;1;4264;29705;3770;31991,17;
962;1;4264;93;3770;349942,86;
962;1;4264;1709;3770;400085,71;
962;1;4264;12336;3770;187697,00;
962;1;4264;24706;3770;88925,00;
962;1;4264;25279;3770;92696,37;
962;1;4264;26278;3770;264207,76;
962;1;4264;18127;3770;106650,78;
962;1;4264;28002;3770;22768,94;
962;1;4264;27328;3770;174,20;
962;1;4264;25600;3770;14565,05;
962;1;4264;28708;3770;108009,00;
962;1;4264;28848;3770;17093,66;
962;1;4264;29371;3770;103347,21;
962;1;4264;29225;3770;65957,57;
962;1;4264;29176;3770;189,50;
962;1;4264;29685;3770;93794,67;
962;1;4264;7383;3770;325611,21;
962;1;4264;1540;3770;121937,13;
962;1;4264;17907;3770;231215,79;
962;1;4264;23976;3770;93127,49;
962;1;4264;24935;3770;433245,09;
962;1;4264;24939;3770;70261,16;
962;1;4264;25824;3770;182349,53;
962;1;4264;24976;3771;2590,00;
962;1;4264;24393;3770;145861,45;
962;1;4264;25030;3770;252690,71;
962;1;4264;27059;3770;88476,91;
962;1;4264;27877;3770;101346,49;
962;1;4264;27910;3770;75435,06;
962;1;4264;26627;3770;60869,57;
962;1;4264;28769;3770;74075,80;
962;1;4264;26051;3770;64718,29;
962;1;4264;27112;3770;69216,16;
962;1;4264;28940;3770;99295,59;
962;1;4264;6545;3770;64925,88;
962;1;4264;8727;3770;138717,15;
962;1;4264;8726;3770;622950,94;
962;1;4264;7507;3770;176570,01;
962;1;4264;20085;3770;138180,35;
962;1;4264;7213;3770;183269,92;
962;1;4264;20810;3770;238288,43;
962;1;4264;21786;3770;284021,15;
962;1;4264;22372;3770;95803,27;
962;1;4264;17718;3770;327204,72;
962;1;4264;15564;3770;30679,14;
962;1;4264;18256;3770;338977,08;
962;1;4264;7138;3770;147341,86;
962;1;4264;24909;3770;155776,92;
962;1;4264;25120;3770;138863,02;
962;1;4264;25288;3770;204103,89;
962;1;4264;23523;3770;106561,06;
962;1;4264;13516;3770;277756,11;
962;1;4264;25501;3770;476910,14;
962;1;4264;26163;3770;40559,66;
962;1;4264;26166;3770;178611,51;
962;1;4264;24454;3770;307361,55;
962;1;4264;26446;3770;8458,29;
962;1;4264;26388;3770;61258,88;
962;1;4264;26407;3770;54843,61;
962;1;4264;27380;3770;11575,11;
962;1;4264;27426;3770;326780,68;
962;1;4264;27673;3770;22649,00;
962;1;4264;27634;3770;17054,80;
962;1;4264;27612;3770;23155,38;
962;1;4264;25603;3770;427483,85;
962;1;4264;28119;3770;118100,10;
962;1;4264;28131;3770;35923,86;
962;1;4264;28293;3770;115040,67;
962;1;4264;26881;3770;126224,52;
962;1;4264;28482;3770;47413,51;
962;1;4264;26908;3770;168193,17;
962;1;4264;28473;3770;22793,93;
962;1;4264;28509;3770;113779,59;
962;1;4264;28245;3770;32204,86;
962;1;4264;29015;3770;78147,14;
962;1;4264;29018;3770;4321,83;
962;1;4264;29024;3770;63820,81;
962;1;4264;27639;3770;3401,16;
962;1;4264;29790;3770;54700,77;
962;1;4264;5085;3770;209507,30;
962;1;4264;6493;3770;321282,78;
962;1;4264;6444;3770;660727,58;
962;1;4264;5168;3770;212555,04;
962;1;4264;15955;3771;1107,17;
962;1;4264;13216;3770;190965,22;
962;1;4264;14907;3771;107,19;
962;1;4264;15967;3770;150358,45;
962;1;4264;22367;3770;87396,93;
962;1;4264;23274;3770;276165,20;
962;1;4264;22356;3770;286028,78;
962;1;4264;24475;3770;203457,54;
962;1;4264;24810;3770;301955,52;
962;1;4264;24877;3770;189913,12;
962;1;4264;26133;3770;183866,20;
962;1;4264;26607;3770;191242,05;
962;1;4264;27035;3770;115207,80;
962;1;4264;27497;3770;242420,98;
962;1;4264;27441;3770;169864,79;
962;1;4264;27686;3770;214152,30;
962;1;4264;27735;3770;206009,55;
962;1;4264;26974;3770;1420,79;
962;1;4264;26970;3770;6027,80;
962;1;4264;27174;3770;4324,25;
962;1;4264;26017;3770;5312,27;
962;1;4264;28174;3771;69,90;
962;1;4264;27567;3770;106100,51;
962;1;4264;28191;3770;113875,35;
962;1;4264;28258;3771;2174,59;
962;1;4264;28485;3770;18884,57;
962;1;4264;28961;3770;35852,88;
962;1;4264;29230;3770;1077,18;
962;1;4264;29138;3770;7469,95;
962;1;4264;29364;3770;24088,74;
962;1;4264;29639;3770;38302,85;
962;1;4264;6251;3770;316036,87;
962;1;4264;5196;3770;316692,37;
962;1;4264;7326;3771;4162,02;
962;1;4264;8395;3770;341106,80;
962;1;4264;9419;3770;186781,41;
962;1;4264;10719;3770;152779,53;
962;1;4264;14017;3770;216126,83;
962;1;4264;12407;3770;9055,88;
962;1;4264;16100;3770;186092,08;
962;1;4264;17702;3770;270120,15;
962;1;4264;18488;3770;170889,82;
962;1;4264;19140;3770;201081,51;
962;1;4264;11576;3770;708271,12;
962;1;4264;20925;3770;21169,75;
962;1;4264;21598;3770;82797,73;
962;1;4264;25646;3770;208349,59;
962;1;4264;26078;3770;194345,86;
962;1;4264;27098;3770;37106,95;
962;1;4264;27187;3770;36124,39;
962;1;4264;27854;3770;115570,01;
962;1;4264;27934;3770;15912,57;
962;1;4264;28134;3770;68692,08;
962;1;4264;28295;3770;217612,50;
962;1;4264;23450;3770;72909,79;
962;1;4264;25723;3770;60910,04;
962;1;4264;7897;3770;21546,25;
962;1;4264;28392;3770;134737,95;
962;1;4264;28574;3770;246411,73;
962;1;4264;28606;3771;44,00;
962;1;4264;28657;3770;8472,69;
962;1;4264;28637;3770;117415,61;
962;1;4264;29199;3770;69434,46;
962;1;4264;26624;3770;85156,10;
962;1;4264;29542;3770;37402,21;
962;1;4264;29615;3770;127721,87;
962;1;4264;7183;3770;326344,15;
962;1;4264;7191;3770;183475,61;
962;1;4264;7195;3770;460346,68;
962;1;4264;7196;3770;86800,11;
962;1;4264;14662;3770;190017,51;
962;1;4264;16889;3770;263810,38;
962;1;4264;19949;3770;134115,45;
962;1;4264;26045;3770;88882,56;
962;1;4264;27329;3770;1773,38;
962;1;4264;26502;3770;100254,51;
962;1;4264;27720;3770;84608,85;
962;1;4264;28356;3770;3724,85;
962;1;4264;28326;3770;77,60;
962;1;4264;28489;3770;87839,51;
962;1;4264;28587;3770;115238,31;
962;1;4264;28700;3770;77608,12;
962;1;4264;28873;3770;212144,10;
962;1;4264;28648;3770;51112,46;
962;1;4264;29179;3770;6700,45;
962;1;4264;28829;3770;10283,19;
962;1;4264;29656;3770;93097,22;
962;1;4264;29484;3770;32425,86;
962;1;4264;399;3771;5760,80;
962;1;4264;7900;3770;133764,49;
962;1;4264;11785;3771;2161,41;
962;1;4264;14321;3770;156835,59;
962;1;4264;15530;3770;157812,92;
962;1;4264;21587;3770;160000,00;
962;1;4264;23860;3770;211010,25;
962;1;4264;24056;3770;397915,26;
962;1;4264;24460;3770;286515,59;
962;1;4264;24990;3770;377190,77;
962;1;4264;25297;3770;160836,86;
962;1;4264;26154;3771;2819,06;
962;1;4264;26336;3770;121936,62;
962;1;4264;26696;3770;219398,89;
962;1;4264;27776;3770;209462,47;
962;1;4264;27913;3771;21382,75;
962;1;4264;27905;3770;91609,53;
962;1;4264;27160;3770;62506,25;
962;1;4264;18175;3770;19043,91;
962;1;4264;24415;3770;3562,25;
962;1;4264;23222;3770;25651,68;
962;1;4264;24291;3770;2901,84;
962;1;4264;27404;3770;6519,77;
962;1;4264;28577;3770;9531,12;
962;1;4264;28640;3770;27611,27;
962;1;4264;28646;3770;53328,34;
962;1;4264;28709;3770;60918,42;
962;1;4264;7552;3770;126862,00;
962;1;4264;9165;3770;128625,70;
962;1;4264;17283;3770;296501,79;
962;1;4264;25724;3771;30,80;
962;1;4264;24035;3770;143960,77;
962;1;4264;25812;3771;7435,56;
962;1;4264;25870;3770;303964,88;
962;1;4264;26982;3770;224956,00;
962;1;4264;28465;3770;56437,46;
962;1;4264;27082;3770;116341,41;
962;1;4264;26897;3770;77582,55;
962;1;4264;27670;3770;41799,53;
962;1;4264;29440;3770;60386,53;
962;1;4264;29550;3770;27489,99;
962;1;4264;29660;3770;41610,70;
962;1;4264;27818;3770;97141,19;
962;1;4264;501;3771;1135,27;
962;1;4264;8478;3770;333,33;
962;1;4264;7491;3770;168766,37;
962;1;4264;18449;3770;200429,42;
962;1;4264;19669;3770;260203,13;
962;1;4264;12369;3770;339646,32;
962;1;4264;19289;3770;330861,28;
962;1;4264;19799;3770;213911,29;
962;1;4264;6313;3770;738913,76;
962;1;4264;20249;3770;2843,63;
962;1;4264;14860;3770;77957,32;
962;1;4264;23003;3770;86788,73;
962;1;4264;23460;3770;285865,03;
962;1;4264;22219;3770;444054,07;
962;1;4264;7067;3770;287896,35;
962;1;4264;24352;3770;341936,67;
962;1;4264;24341;3770;225597,19;
962;1;4264;8050;3770;23160,96;
962;1;4264;24021;3771;1279,70;
962;1;4264;8677;3770;581910,67;
962;1;4264;25548;3770;312939,19;
962;1;4264;25538;3770;221032,00;
962;1;4264;26225;3770;155889,01;
962;1;4264;26221;3770;275560,51;
962;1;4264;26658;3770;4389,28;
962;1;4264;26686;3770;33530,03;
962;1;4264;27189;3770;273505,61;
962;1;4264;23977;3770;334822,01;
962;1;4264;23360;3770;204654,06;
962;1;4264;27876;3770;4528,60;
962;1;4264;7992;3770;396952,07;
962;1;4264;3343;3770;467757,73;
962;1;4264;10915;3770;97468,86;
962;1;4264;28018;3770;286,40;
962;1;4264;12520;3770;84111,16;
962;1;4264;6164;3770;461007,99;
962;1;4264;14606;3770;227598,46;
962;1;4264;13498;3770;135334,86;
962;1;4264;11557;3770;407171,77;
962;1;4264;28049;3770;6305,22;
962;1;4264;25721;3770;1385,68;
962;1;4264;19200;3770;195723,50;
962;1;4264;28403;3770;37031,11;
962;1;4264;27506;3770;13062,90;
962;1;4264;25389;3770;68513,70;
962;1;4264;28453;3770;5679,86;
962;1;4264;28441;3770;106936,76;
962;1;4264;28451;3770;9915,72;
962;1;4264;26796;3771;17444,69;
962;1;4264;28291;3770;51424,02;
962;1;4264;28287;3770;1617,34;
962;1;4264;28687;3770;16192,74;
962;1;4264;28997;3770;1451,97;
962;1;4264;28971;3770;134,47;
962;1;4264;29126;3770;50895,23;
962;1;4264;29275;3770;45185,85;
962;1;4264;29229;3770;5447,57;
962;1;4264;29228;3770;6985,63;
962;1;4264;29235;3770;36816,06;
962;1;4264;29297;3770;56604,15;
962;1;4264;29320;3770;9879,41;
962;1;4264;18163;3770;272899,58;
962;1;4264;28495;3770;164514,49;
962;1;4264;29511;3770;27713,86;
962;1;4264;29507;3770;8554,59;
962;1;4264;29522;3770;3026,73;
962;1;4264;20971;3770;9719,27;
962;1;4264;21778;3770;232298,89;
962;1;4264;26100;3770;212883,13;
962;1;4264;26141;3770;14904,70;
962;1;4264;18185;3770;112568,98;
962;1;4264;26331;3771;603,87;
962;1;4264;26459;3770;52496,16;
962;1;4264;27300;3770;62251,12;
962;1;4264;27372;3770;73727,24;
962;1;4264;27785;3770;177964,50;
962;1;4264;24750;3770;6731,95;
962;1;4264;28618;3770;172894,90;
962;1;4264;28701;3770;478,92;
962;1;4264;28817;3770;225697,38;
962;1;4264;28828;3770;129069,31;
962;1;4264;29254;3770;19176,10;
962;1;4264;29414;3770;24504,01;
962;1;4264;29669;3770;133201,61;
962;1;4264;29602;3770;56131,87;
962;1;4264;21373;3770;246421,31;
962;1;4264;23924;3770;327338,19;
962;1;4264;24165;3770;90690,94;
962;1;4264;24922;3770;52646,05;
962;1;4264;25116;3770;248426,24;
962;1;4264;25117;3770;238582,19;
962;1;4264;25366;3770;102588,79;
962;1;4264;26216;3770;26860,67;
962;1;4264;27137;3770;39157,02;
962;1;4264;27260;3771;221,30;
962;1;4264;27377;3770;100091,50;
962;1;4264;21512;3770;26311,70;
962;1;4264;26716;3771;3612,03;
962;1;4264;27687;3770;86713,99;
962;1;4264;27871;3770;104807,67;
962;1;4264;27950;3770;33769,85;
962;1;4264;27769;3771;371,46;
962;1;4264;26375;3770;1152,20;
962;1;4264;27625;3770;30759,69;
962;1;4264;28725;3770;13695,03;
962;1;4264;23234;3770;245971,80;
962;1;4264;29135;3770;86771,62;
962;1;4264;29207;3770;271804,43;
962;1;4264;29637;3770;4892,76;
962;1;4264;29603;3770;113050,71;
962;1;4264;29761;3770;86503,18;
962;1;4264;5131;3770;57479,24;
962;1;4264;9540;3770;147359,63;
962;1;4264;22720;3770;191041,38;
962;1;4264;22996;3770;24913,52;
962;1;4264;24040;3770;190660,50;
962;1;4264;24328;3770;146624,78;
962;1;4264;25038;3770;207,80;
962;1;4264;25222;3770;218228,03;
962;1;4264;26003;3770;121613,76;
962;1;4264;23368;3770;95835,64;
962;1;4264;27423;3770;152176,42;
962;1;4264;25382;3770;36,90;
962;1;4264;27416;3771;39,40;
962;1;4264;28176;3770;219236,19;
962;1;4264;28113;3770;35162,25;
962;1;4264;28351;3770;107,70;
962;1;4264;28217;3770;408,50;
962;1;4264;28478;3770;211559,08;
962;1;4264;25933;3770;270254,46;
962;1;4264;28898;3770;5389,85;
962;1;4264;29052;3770;3242,14;
962;1;4264;29137;3770;93210,94;
962;1;4264;29502;3770;13993,35;
962;1;4264;29520;3770;18269,67;
962;1;4264;29506;3770;1541,81;
962;1;4264;29702;3770;14506,48;
962;1;4264;29655;3770;6876,51;
962;1;4264;19497;3770;7070,59;
962;1;4264;20626;3770;134615,37;
962;1;4264;18229;3770;936,57;
962;1;4264;25084;3770;195652,61;
962;1;4264;22212;3770;34686,11;
962;1;4264;26309;3770;108983,23;
962;1;4264;25480;3770;17632,45;
962;1;4264;27500;3770;137904,49;
962;1;4264;10203;3770;21556,95;
962;1;4264;11531;3770;153475,45;
962;1;4264;27944;3770;16693,60;
962;1;4264;27946;3770;192351,37;
962;1;4264;28000;3770;184423,60;
962;1;4264;28162;3770;120455,35;
962;1;4264;28117;3770;19216,07;
962;1;4264;28384;3770;28924,24;
962;1;4264;28218;3770;608,38;
962;1;4264;28771;3770;7130,31;
962;1;4264;28908;3770;8940,21;
962;1;4264;28880;3771;574,00;
962;1;4264;28407;3771;802,26;
962;1;4264;28992;3770;29181,84;
962;1;4264;29157;3770;68052,75;
962;1;4264;29400;3770;6248,98;
962;1;4264;29718;3770;119043,64;
962;1;4264;19348;3770;139378,86;
962;1;4264;18013;3770;206496,33;
962;1;4264;25022;3770;222691,81;
962;1;4264;26369;3770;68590,52;
962;1;4264;26849;3770;2667,87;
962;1;4264;26827;3770;96344,27;
962;1;4264;27409;3770;12892,84;
962;1;4264;27521;3770;141957,43;
962;1;4264;26871;3770;211149,25;
962;1;4264;27770;3770;81681,26;
962;1;4264;27936;3770;214750,25;
962;1;4264;28329;3770;54015,93;
962;1;4264;27677;3770;44395,52;
962;1;4264;28427;3770;76753,61;
962;1;4264;28602;3770;7038,12;
962;1;4264;29163;3770;64917,30;
962;1;4264;29182;3770;10715,99;
962;1;4264;15829;3770;228139,63;
962;1;4264;19545;3770;208700,87;
962;1;4264;24683;3770;211593,48;
962;1;4264;25697;3770;87128,94;
962;1;4264;26059;3770;155874,19;
962;1;4264;26516;3770;224897,75;
962;1;4264;27006;3770;43,90;
962;1;4264;26665;3770;82678,43;
962;1;4264;27181;3770;97335,99;
962;1;4264;28349;3770;46241,39;
962;1;4264;29116;3770;21987,51;
962;1;4264;29332;3770;42084,33;
962;1;4264;29505;3770;60356,19;
962;1;4264;29597;3770;1925,36;
962;1;4264;28538;3770;141915,99;
962;1;4264;29755;3770;26285,17;
962;1;4264;29769;3770;25294,96;
962;1;4264;11880;3770;145882,32;
962;1;4264;26152;3770;171415,21;
962;1;4264;26306;3770;206391,49;
962;1;4264;22415;3770;225183,82;
962;1;4264;27369;3770;35836,98;
962;1;4264;27960;3770;51435,74;
962;1;4264;27959;3770;32535,88;
962;1;4264;28219;3770;141582,10;
962;1;4264;28225;3770;100381,26;
962;1;4264;28233;3771;466,24;
962;1;4264;28653;3770;166249,83;
962;1;4264;28612;3770;45858,22;
962;1;4264;28838;3770;1634,08;
962;1;4264;29255;3770;53371,40;
962;1;4264;29231;3770;26850,31;
962;1;4264;29323;3770;369,04;
962;1;4264;29644;3770;32926,81;
962;1;4264;13483;3770;1167,43;
962;1;4264;13998;3770;130146,49;
962;1;4264;199;3771;1783,75;
962;1;4264;12045;3770;201151,90;
962;1;4264;12015;3770;1372,71;
962;1;4264;22276;3770;106215,63;
962;1;4264;23916;3770;281459,41;
962;1;4264;23983;3770;156653,54;
962;1;4264;24086;3770;360504,44;
962;1;4264;24587;3770;176,55;
962;1;4264;24585;3770;167,76;
962;1;4264;24975;3770;11335,85;
962;1;4264;25592;3770;265278,72;
962;1;4264;25681;3770;21327,66;
962;1;4264;26713;3770;149825,83;
962;1;4264;23090;3770;283474,12;
962;1;4264;27531;3770;152721,44;
962;1;4264;27671;3770;147838,42;
962;1;4264;27800;3770;8201,42;
962;1;4264;28164;3770;18633,31;
962;1;4264;28275;3770;142708,12;
962;1;4264;28702;3771;1622,96;
962;1;4264;28932;3770;17780,08;
962;1;4264;27217;3770;3333,42;
962;1;4264;27268;3770;1065,02;
962;1;4264;29608;3770;171264,15;
962;1;4264;29403;3770;13732,09;
962;1;4264;29628;3770;3734,48;
962;1;4264;24066;3770;731,58;
962;1;4264;29695;3770;58919,56;
962;1;4264;26500;3770;173534,82;
962;1;4264;12472;3770;33876,15;
962;1;4264;15654;3770;295462,13;
962;1;4264;17620;3770;249681,61;
962;1;4264;19590;3770;337082,34;
962;1;4264;24346;3770;241157,57;
962;1;4264;25409;3770;160630,01;
962;1;4264;27478;3770;212564,43;
962;1;4264;27590;3770;150923,02;
962;1;4264;27647;3770;57456,26;
962;1;4264;27657;3770;66246,34;
962;1;4264;27613;3770;2405,15;
962;1;4264;13339;3770;1812,99;
962;1;4264;26395;3770;147977,69;
962;1;4264;28022;3770;117946,34;
962;1;4264;28532;3770;87786,19;
962;1;4264;28787;3770;138644,30;
962;1;4264;26072;3770;211905,92;
962;1;4264;29260;3770;56991,43;
962;1;4264;29251;3770;39921,59;
962;1;4264;29693;3770;3781,87;
962;1;4264;29812;3770;33895,94;
962;1;4264;12713;3770;204803,02;
962;1;4264;12731;3770;155881,72;
962;1;4264;12732;3771;205,70;
962;1;4264;12757;3770;259183,92;
962;1;4264;14929;3770;335356,00;
962;1;4264;24659;3770;1450,99;
962;1;4264;25016;3770;213415,98;
962;1;4264;25373;3770;127211,91;
962;1;4264;25845;3770;234035,79;
962;1;4264;26604;3770;67711,54;
962;1;4264;27624;3770;101476,97;
962;1;4264;28297;3770;438,46;
962;1;4264;28416;3770;89095,27;
962;1;4264;28844;3770;39563,34;
962;1;4264;28856;3770;59590,83;
962;1;4264;29370;3770;61669,99;
962;1;4264;28228;3770;12603,05;
962;1;4264;29488;3770;7268,64;
962;1;4264;9931;3770;320355,87;
962;1;4264;16908;3770;329744,14;
962;1;4264;24910;3770;42818,04;
962;1;4264;111;3770;6992,19;
962;1;4264;23612;3770;303481,93;
962;1;4264;25841;3770;31237,79;
962;1;4264;26579;3770;88695,38;
962;1;4264;26623;3771;2541,96;
962;1;4264;27108;3770;263898,53;
962;1;4264;27258;3771;2290,59;
962;1;4264;27781;3770;275079,64;
962;1;4264;28157;3770;89974,93;
962;1;4264;28155;3770;22749,40;
962;1;4264;26442;3770;205311,66;
962;1;4264;28604;3770;193918,34;
962;1;4264;28664;3770;37737,87;
962;1;4264;29147;3770;20939,26;
962;1;4264;29096;3770;55390,92;
962;1;4264;29643;3770;21939,54;
962;1;4264;15123;3770;362095,00;
962;1;4264;24764;3770;265315,18;
962;1;4264;26380;3770;71823,74;
962;1;4264;27317;3770;242133,27;
962;1;4264;28549;3770;136305,46;
962;1;4264;28461;3770;1200,86;
962;1;4264;29250;3770;184395,49;
962;1;4264;29174;3771;249,80;
962;1;4264;29204;3770;18675,86;
962;1;4264;29408;3770;114474,19;
962;1;4264;29657;3770;9010,32;
962;1;4264;29646;3770;386,20;
962;1;4264;29643;3770;6419,91;
962;1;4264;18794;3770;199250,62;
962;1;4264;8;3771;1949,73;
962;1;4264;24424;3770;59373,37;
962;1;4264;25913;3770;86476,79;
962;1;4264;25799;3770;186149,12;
962;1;4264;27056;3770;187600,23;
962;1;4264;27778;3770;62331,90;
962;1;4264;28645;3770;144508,00;
962;1;4264;28598;3770;55392,07;
962;1;4264;28642;3770;114031,45;
962;1;4264;28727;3770;128898,85;
962;1;4264;29367;3770;114166,64;
962;1;4264;10097;3770;195179,46;
962;1;4264;8;3770;100051,63;
962;1;4264;24318;3770;154510,93;
962;1;4264;24637;3771;1229,63;
962;1;4264;25103;3770;71326,98;
962;1;4264;25806;3770;26425,02;
962;1;4264;27344;3770;86740,25;
962;1;4264;27361;3770;126850,13;
962;1;4264;27503;3770;303170,67;
962;1;4264;27537;3770;122196,79;
962;1;4264;27635;3770;108052,68;
962;1;4264;27658;3770;105945,32;
962;1;4264;27943;3770;2920,82;
962;1;4264;28087;3770;31750,15;
962;1;4264;28600;3770;127591,33;
962;1;4264;28778;3770;93785,72;
962;1;4264;28871;3770;24637,37;
962;1;4264;22466;3770;78054,04;
962;1;4264;26825;3770;71900,00;
962;1;4264;26608;3770;2097,78;
962;1;4264;29284;3770;117155,20;
962;1;4264;29270;3771;875,77;
962;1;4264;29016;3770;31350,22;
962;1;4264;29664;3770;45801,43;
962;1;4264;29697;3770;83599,90;
962;1;4264;11283;3770;188598,28;
962;1;4264;18373;3770;99727,98;
962;1;4264;19982;3770;287361,31;
962;1;4264;17866;3770;212720,13;
962;1;4264;25141;3770;170132,19;
962;1;4264;25706;3770;228419,00;
962;1;4264;26037;3770;129718,76;
962;1;4264;26430;3770;286342,33;
962;1;4264;26642;3771;339,03;
962;1;4264;26865;3770;141350,06;
962;1;4264;27127;3770;84884,79;
962;1;4264;27206;3770;21940,28;
962;1;4264;25813;3770;56,90;
962;1;4264;28316;3770;83906,96;
962;1;4264;28224;3770;79720,83;
962;1;4264;28499;3771;822,06;
962;1;4264;28757;3770;123368,62;
962;1;4264;29689;3770;1210,57;
962;1;4264;13061;3770;154998,39;
962;1;4264;8843;3770;227437,02;
962;1;4264;16354;3770;172639,58;
962;1;4264;24131;3771;2752,48;
962;1;4264;24422;3770;32179,65;
962;1;4264;23680;3770;88042,04;
962;1;4264;21171;3770;35043,10;
962;1;4264;26201;3770;68607,13;
962;1;4264;27316;3770;50560,93;
962;1;4264;27872;3770;137422,84;
962;1;4264;28152;3770;141650,96;
962;1;4264;28457;3770;9865,90;
962;1;4264;28458;3770;84361,76;
962;1;4264;28634;3770;92876,66;
962;1;4264;29091;3770;120164,16;
962;1;4264;29325;3770;105591,00;
962;1;4264;28523;3770;4932,93;
962;1;4264;29519;3770;137320,65;
962;1;4264;29582;3770;105680,37;
962;1;4264;13531;3770;223018,62;
962;1;4264;13461;3770;103821,27;
962;1;4264;13458;3770;105570,73;
962;1;4264;13420;3770;143003,95;
962;1;4264;13412;3770;117774,77;
962;1;4264;1;3770;243526,19;
962;1;4264;1637;3771;5279,07;
962;1;4264;10350;3770;285316,39;
962;1;4264;23461;3770;380345,09;
962;1;4264;126843;3770;9625,07;
962;1;4264;28766;3771;727,78;
962;1;4264;28902;3770;579071,73;
962;1;4264;28586;3770;17480,59;
962;1;4264;28592;3770;21442,22;
962;1;4264;26978;3770;11869,50;
962;1;4264;21875;3770;46963,34;
962;1;4264;18745;3770;61360,86;
962;1;4264;28599;3770;65969,41;
962;1;4264;28556;3770;68,90;
962;1;4264;26553;3770;27025,01;
962;1;4264;20937;3770;48857,39;
962;1;4264;28877;3770;6914,17;
962;1;4264;28799;3770;13475,95;
962;1;4264;24930;3770;987,84;
962;1;4264;28965;3770;1276,06;
962;1;4264;24621;3770;161,04;
962;1;4264;23823;3770;6151,46;
962;1;4264;24366;3770;14730,81;
962;1;4264;25284;3770;1877,82;
962;1;4264;28682;3770;3387,80;
962;1;4264;29173;3770;6417,55;
962;1;4264;25913;3770;859,70;
962;1;4264;26811;3770;529,90;
962;1;4264;28641;3770;126,40;
962;1;4264;28687;3770;155,76;
962;1;4264;25138;3770;435,41;
962;1;4264;23624;3770;3344,78;
962;1;4264;29175;3770;962,50;
962;1;4264;29464;3770;14777,79;
962;1;4264;29670;3770;9438,34;
962;1;4264;29705;3770;34044,37;
962;1;4264;13391;3770;237,38;
962;1;4264;28313;3770;7613,68;
962;1;4264;19416;3770;5869,36;
962;1;4264;6113;3770;1266,58;
962;1;4264;28069;3770;6987,28;
962;1;4264;28077;3771;1449,40;
962;1;4264;25018;3770;324,40;
962;1;4264;25724;3770;129,90;
962;1;4264;29310;3770;857,00;
962;1;4264;27216;3770;1229,70;
962;1;4264;29743;3770;124,90;
962;1;4264;27127;3770;0,00;
962;1;4264;20626;3770;0,00;
962;1;4264;3265;3771;31753,01;
962;1;4264;27908;3770;599,90;
962;1;4264;29137;3770;16779,00;
962;1;4264;20948;3770;261877,76;
962;1;4264;18882;3770;305874,16;
962;1;4264;6790;3770;167541,87;
962;1;4264;6591;3770;197729,58;
962;1;4264;2662;3770;202901,40;
962;1;4264;21199;3770;217671,23;
962;1;4264;24071;3770;293915,86;
962;1;4264;24386;3770;284491,37;
962;1;4264;24488;3770;181331,65;
962;1;4264;24839;3770;130566,15;
962;1;4264;24840;3770;159583,18;
962;1;4264;25718;3770;88721,33;
962;1;4264;25683;3770;80785,68;
962;1;4264;26390;3771;11004,87;
962;1;4264;26495;3771;175,32;
962;1;4264;26494;3770;157886,22;
962;1;4264;26679;3770;140520,57;
962;1;4264;27207;3770;159265,83;
962;1;4264;27562;3770;205999,35;
962;1;4264;27539;3771;1590,39;
962;1;4264;27598;3770;11655,88;
962;1;4264;28421;3770;38384,64;
962;1;4264;28746;3770;17938,25;
962;1;4264;28320;3770;6165,99;
962;1;4264;28296;3770;5410,37;
962;1;4264;28732;3770;11730,44;
962;1;4264;28548;3770;69,80;
962;1;4264;28492;3770;98,11;
962;1;4264;29374;3770;63860,14;
962;1;4264;899;3771;14779,81;
962;1;4264;12099;3770;116543,04;
962;1;4264;10495;3770;272019,29;
962;1;4264;22618;3770;150569,67;
962;1;4264;23908;3770;242225,49;
962;1;4264;24144;3770;173466,60;
962;1;4264;24151;3770;190372,51;
962;1;4264;24150;3770;110998,65;
962;1;4264;21939;3770;79343,67;
962;1;4264;23792;3770;32229,69;
962;1;4264;26602;3770;196817,04;
962;1;4264;28366;3770;46386,08;
962;1;4264;28941;3770;10904,82;
962;1;4264;29212;3770;126,21;
962;1;4264;29128;3770;162,70;
962;1;4264;28917;3770;35204,87;
962;1;4264;23897;3770;95640,51;
962;1;4264;25780;3770;130677,36;
962;1;4264;25904;3771;305,60;
962;1;4264;26603;3770;82506,29;
962;1;4264;26008;3771;3232,69;
962;1;4264;26670;3770;13538,85;
962;1;4264;28501;3770;205235,08;
962;1;4264;28518;3770;221752,33;
962;1;4264;28963;3770;161916,13;
962;1;4264;29013;3770;178314,90;
962;1;4264;15529;3771;1134,72;
962;1;4264;28316;3770;7127,55;
962;1;4264;199;3771;7426,08;
962;1;4264;23513;3770;156782,43;
962;1;4264;23498;3770;262154,80;
962;1;4264;23518;3770;289965,75;
962;1;4264;12751;3770;102889,81;
962;1;4264;23522;3770;651656,73;
962;1;4264;25198;3770;76716,83;
962;1;4264;25487;3771;4017,23;
962;1;4264;21851;3770;150139,46;
962;1;4264;26295;3770;217290,44;
962;1;4264;26585;3771;2858,69;
962;1;4264;26629;3770;267883,04;
962;1;4264;26811;3770;140027,35;
962;1;4264;27542;3770;70,10;
962;1;4264;27566;3770;28916,58;
962;1;4264;26367;3770;15781,19;
962;1;4264;27682;3770;267524,16;
962;1;4264;28261;3770;27815,91;
962;1;4264;27649;3770;23196,42;
962;1;4264;28507;3770;162971,07;
962;1;4264;28868;3770;223464,40;
962;1;4264;28878;3770;88155,76;
962;1;4264;29493;3770;52118,20;
962;1;4264;199;3771;6309,95;
962;1;4264;23628;3770;475457,65;
962;1;4264;23658;3770;417552,90;
962;1;4264;23660;3770;111273,07;
962;1;4264;23632;3770;68569,15;
962;1;4264;23999;3770;35720,84;
962;1;4264;24074;3770;79,90;
962;1;4264;24854;3770;58835,38;
962;1;4264;27385;3770;52295,63;
962;1;4264;28114;3770;58410,25;
962;1;4264;28422;3770;109021,64;
962;1;4264;28673;3770;142172,39;
962;1;4264;28822;3770;55793,10;
962;1;4264;29594;3770;96379,30;
962;1;4264;199;3771;3751,70;
962;1;4264;24263;3770;232306,43;
962;1;4264;24270;3770;129918,61;
962;1;4264;24329;3770;110592,36;
962;1;4264;25431;3770;86933,92;
962;1;4264;26049;3770;245015,42;
962;1;4264;24314;3770;238825,14;
962;1;4264;27701;3770;37928,15;
962;1;4264;27801;3770;197084,29;
962;1;4264;27908;3770;72714,03;
962;1;4264;28919;3770;101925,51;
962;1;4264;28041;3770;55678,80;
962;1;4264;29421;3770;75437,75;
962;1;4264;28167;3770;96854,07;
962;1;4264;24264;3770;36529,08;
962;1;4264;8406;3770;41117,02;
962;1;4264;24189;3770;159887,30;
962;1;4264;19109;3770;280204,50;
962;1;4264;17649;3770;118317,95;
962;1;4264;24530;3770;39265,85;
962;1;4264;24775;3771;4751,47;
962;1;4264;24734;3770;88293,47;
962;1;4264;25284;3770;173510,50;
962;1;4264;27193;3771;920,11;
962;1;4264;27312;3770;264380,78;
962;1;4264;27381;3770;115284,58;
962;1;4264;27581;3770;18701,36;
962;1;4264;25376;3770;11536,02;
962;1;4264;24174;3770;59408,59;
962;1;4264;24651;3770;13323,77;
962;1;4264;28696;3770;91805,10;
962;1;4264;21740;3770;135070,08;
962;1;4264;29331;3770;54482,77;
962;1;4264;29826;3770;15271,47;
962;1;4264;25936;3771;88,90;
962;1;4264;25932;3770;7208,48;
962;1;4264;26408;3770;163324,51;
962;1;4264;26754;3770;138898,45;
962;1;4264;26903;3770;102503,58;
962;1;4264;27414;3770;102211,80;
962;1;4264;27457;3770;170808,47;
962;1;4264;27700;3770;1997,39;
962;1;4264;27880;3770;7380,50;
962;1;4264;28253;3770;68970,84;
962;1;4264;28273;3770;31807,55;
962;1;4264;28370;3770;2,59;
962;1;4264;28815;3770;167977,83;
962;1;4264;29191;3770;13501,82;
962;1;4264;101;3771;1317,57;
962;1;4264;26357;3770;831,32;
962;1;4264;26358;3770;105008,04;
962;1;4264;26490;3770;34471,78;
962;1;4264;26726;3770;64179,39;
962;1;4264;27001;3770;277813,29;
962;1;4264;27007;3770;44,45;
962;1;4264;27004;3770;2266,81;
962;1;4264;27058;3770;50636,72;
962;1;4264;26436;3771;0,02;
962;1;4264;27919;3770;22359,38;
962;1;4264;28256;3770;79650,51;
962;1;4264;28538;3771;49,44;
962;1;4264;28582;3770;103216,02;
962;1;4264;28789;3770;96935,71;
962;1;4264;29011;3770;54024,11;
962;1;4264;29142;3770;126418,34;
962;1;4264;29160;3770;68521,31;
962;1;4264;29214;3770;132854,84;
962;1;4264;29509;3770;115681,34;
962;1;4264;29456;3770;48496,74;
962;1;4264;29605;3770;47214,35;
962;1;4264;29777;3770;7353,52;
962;1;4264;29798;3770;16068,02;
962;1;4264;29802;3770;56031,34;
962;1;4264;9916499;3770;23,80;
962;1;4264;27975;3770;57356,64;
962;1;4264;28533;3770;27328,27;
962;1;4264;27358;3770;70323,63;
962;1;4264;29481;3770;59868,00;
962;1;4264;29744;3770;32596,87;
962;1;4264;29734;3770;9306,29;
962;1;4264;999927412;3770;21140,86;
962;1;4264;24634;3770;137285,66;
962;1;4264;28020;3770;33780,79;
962;1;4264;27281;3770;337,52;
962;1;4264;24781;3770;141820,16;
962;1;4264;29759;3770;18999,97;
962;1;4264;29750;3770;10979,88;
962;1;4264;29783;3770;15380,98;
962;1;4264;29782;3770;5722,81;
962;1;4264;99927425;3771;450,62;
962;1;4264;27357;3770;52378,83;
962;1;4264;128019;3770;20903,98;
962;1;4264;927428;3771;299,90;
962;1;4264;29234;3770;63845,83;
962;1;4264;29785;3770;16931,77;
962;1;4264;29840;3770;13476,92;
962;1;4264;29842;3770;1592,10;
962;1;4264;9927490;3770;17840,36;
962;1;4264;27288;3771;423,82;
962;1;4264;28020;3770;540,22;
962;1;4264;23959;3771;3,35;
962;1;4264;26012;3770;164426,56;
962;1;4264;28019;3771;224,28;
962;1;4264;27974;3770;4661,12;
962;1;4264;29416;3770;114162,46;
962;1;4264;26402;3770;45402,15;
962;1;4264;28855;3770;151225,94;
962;1;4264;28032;3770;8686,95;
962;1;4264;29742;3770;10039,02;
962;1;4264;29849;3770;529,89;
962;1;4264;29528;3770;56940,04;
962;1;4264;25704;3770;90185,23;
962;1;4264;29767;3770;1878,21;
962;1;4264;24930;3770;86448,91;
962;1;4264;27662;3771;43,80;
962;1;4264;28401;3770;41318,15;
962;1;4264;28077;3770;8218,77;
962;1;4264;29746;3770;16938,39;
962;1;4264;29743;3770;6831,28;
962;1;4264;28877;3770;30817,80;
962;1;4264;28586;3770;23191,68;
962;1;4264;28592;3770;18273,00;
962;1;4264;28799;3770;7648,82;
962;1;4264;28599;3770;5509,87;
962;1;4264;26978;3770;21391,10;
962;1;4264;20937;3770;48863,28;
962;1;4264;21875;3770;22956,93;
962;1;4264;26553;3770;46033,55;
962;1;4264;18745;3770;13797,28;
962;1;4264;29464;3770;17429,21;
962;1;4264;29670;3770;80750,18;
962;1;4264;29475;3770;83388,08;
962;1;4264;29486;3770;100668,93;
962;1;4264;29474;3770;85712,12;
962;1;4264;29537;3770;18121,43;
962;1;4264;29617;3770;53110,03;
962;1;4264;29753;3770;8858,91;
